126 6
1 1 1.6996661960420074
1 2 0.7544621642002347
1 3 -1.6995460803865496
1 4 -3.8611754635286473
1 5 0.8134318571276544
1 6 2.0813109809014843
2 1 -2.331176579275461
2 2 1.507023804704995
2 3 0.8621526733689553
2 4 4.16746810035806
2 5 1.3181520060533778
2 6 -4.37545810554996
3 1 1.1193200403474133
3 2 -3.7481652847756406
3 3 1.6293498944404161
3 4 -1.3250777948988428
3 5 2.8542121034356396
3 6 -0.48734401375496483
4 1 -4.441806242676817
4 2 3.447758987187955
4 3 0.6572592846691276
4 4 -0.836682187874218
4 5 0.8898403750136485
4 6 4.192244788871743
5 1 1.3813584532220224
5 2 -1.4539662471269057
5 3 -2.6552405322114194
5 4 1.9603150598915648
5 5 0.14273855025007523
5 6 2.0490933055325127
6 1 4.725142933890142
6 2 0.3196463119871409
6 3 2.158807516140337
6 4 0.5429970241219194
6 5 -5.417616597339812
6 6 -3.1892498910506024
1 7 0.17513117299219494
2 8 0.032387710022253866
3 9 0.10445589398791282
4 10 0.14013492987878629
5 11 0.17878012929451598
6 12 0.2810704477841186
7 7 -2.616943626370386
7 8 -1.3807041161968374
7 9 2.0835188755380494
7 10 1.314708448854862
7 11 2.430825233599399
7 12 -0.6350309738319656
8 7 -1.8640710983980657
8 8 5.271538728783973
8 9 -0.904520550521623
8 10 -4.817525871581753
8 11 0.09582576285416176
8 12 1.2388143340713627
9 7 -1.1225619431862284
9 8 1.0176335622127526
9 9 2.4246533885238324
9 10 2.1627754323873374
9 11 -3.124788457998117
9 12 0.7487777204103531
10 7 -0.8925142527572414
10 8 -2.0414717727963683
10 9 0.42615933636782977
10 10 -0.351541559290045
10 11 -1.173046035900134
10 12 4.64371465487286
11 7 0.1733812045592329
11 8 -0.6024862534851495
11 9 -5.009790614598233
11 10 1.0548517846284873
11 11 5.094318657113298
11 12 -0.15739264906407793
12 7 5.065043095493499
12 8 -1.3894763339601792
12 9 3.171046410444368
12 10 1.373272856936394
12 11 -2.68399078300995
12 12 -3.0872726172714544
7 13 0.08950893311671068
8 14 0.09659746864173942
9 15 0.2060660131348055
10 16 0.2760059716418371
11 17 0.2546733023371375
12 18 0.0610939702767784
7 5 0.28635597417080716
7 6 0.15658256383500171
8 5 0.19056984374849772
8 6 0.17664635133705756
9 5 0.2886644351222428
9 6 0.0028338435839529996
10 5 0.14086348353883793
10 6 0.10252987800203044
11 5 0.011654991773586532
11 6 0.2670471491688274
12 5 0.27639691460597826
12 6 0.1064497039553971
13 13 -0.8973416265506684
13 14 3.8344734833898775
13 15 -1.2163066035536048
13 16 -0.9350098513427335
13 17 2.3465746897168356
13 18 -3.2557076605322184
14 13 2.2553216355616135
14 14 0.3358252522849575
14 15 -0.10111748450651623
14 16 2.209071669911643
14 17 -3.725451267922659
14 18 -0.6162150549951959
15 13 -0.6944165915696809
15 14 -0.6048330692955866
15 15 -3.8931414125294235
15 16 0.8430962602972922
15 17 0.5642273506474239
15 18 7.086430230475308
16 13 1.8519181705232695
16 14 0.7279518159332027
16 15 1.6922154348723921
16 16 -1.5249848903223706
16 17 -2.250864983162648
16 18 0.4516838265641384
17 13 -3.0456126036046847
17 14 0.3189899978348823
17 15 3.789335598710105
17 16 2.2819145692822382
17 17 0.9148309428278113
17 18 -3.440371579872704
18 13 4.024912060972743
18 14 -2.535514877635982
18 15 -0.4541263876305801
18 16 -3.73215141262915
18 17 4.015605983019482
18 18 -1.9255031847818243
13 19 0.24906776394420815
14 20 0.16392266733549574
15 21 0.048803618768588804
16 22 0.12933610643607665
17 23 0.10820650855827667
18 24 0.1033930545672159
13 11 0.28599016528993554
13 12 0.08752636197365704
14 11 0.15095268123989328
14 12 0.01855126733768222
15 11 0.15516886853989714
15 12 0.04715072860266673
16 11 0.013555696311909603
16 12 0.24455133504924578
17 11 0.26254746632229753
17 12 0.19458687385447024
18 11 0.06707382112028212
18 12 0.06660246560146711
19 19 -2.4262201899393463
19 20 1.2921420975401858
19 21 2.370615565878121
19 22 -4.3599926322196465
19 23 4.92130186519293
19 24 -1.2299458296099788
20 19 6.60073616426609
20 20 0.8716301037263053
20 21 -1.8058636946879236
20 22 -2.712477208525847
20 23 -0.74287969893764
20 24 0.32713682541105277
21 19 -1.2208511074403008
21 20 -4.368363255075338
21 21 1.9164556624285223
21 22 1.6161356300578198
21 23 2.6117085773421085
21 24 1.4893321327772058
22 19 -0.8415093246346527
22 20 -0.07299634705593058
22 21 2.5437541183928616
22 22 1.349353057328086
22 23 1.363096482902733
22 24 -2.043408366952841
23 19 -0.9115501671675084
23 20 2.3422778036319714
23 21 -3.844960689111393
23 22 4.129052658661514
23 23 -2.2399533275508765
23 24 0.009810867890387454
24 19 0.6830257675810494
24 20 -0.6203919107908359
24 21 1.0969585668439819
24 22 -1.5550143287492035
24 23 -3.4835875705145547
24 24 3.7369046293669452
19 25 0.02675480426674661
20 26 0.2823484538883119
21 27 0.1176918653251774
22 28 0.08212385189179001
23 29 0.0038072427992149604
24 30 0.2514900239761269
19 17 0.09349551018197566
19 18 0.20855967720250948
20 17 0.23195968293184283
20 18 0.15021475438845577
21 17 0.22316996372010658
21 18 0.1183283973994664
22 17 0.28835262725379673
22 18 0.22186999920420772
23 17 0.04750865696382149
23 18 0.10594228906000906
24 17 0.11512465715504484
24 18 0.26698608325883977
25 25 0.5714588355790373
25 26 -2.1121238210259663
25 27 -0.5264311158325454
25 28 -2.874162712256197
25 29 3.425440241817694
25 30 3.3024138436695463
26 25 0.3930091363435416
26 26 2.3985210292135903
26 27 0.6314702455999545
26 28 -2.264082262496522
26 29 0.61416829975566
26 30 0.6846786336809387
27 25 -1.533485626655927
27 26 2.0417700391576417
27 27 -0.1744274076833189
27 28 3.0507454774185465
27 29 0.35317528329602643
27 30 -4.14125133824422
28 25 3.460386366002942
28 26 -2.710988325945958
28 27 1.2709027069669727
28 28 0.22444484328266243
28 29 -1.5812659408934193
28 30 -2.672848518757196
29 25 -0.9768659557954907
29 26 -4.879666747951857
29 27 4.238517096382119
29 28 2.103886202056875
29 29 -0.5160346526262416
29 30 1.8881998788443433
30 25 0.09375749284028176
30 26 1.202835665486605
30 27 -4.340515718364723
30 28 1.730550947279944
30 29 -1.9838797264777615
30 30 6.926445680384261
25 31 0.1871805141467381
26 32 0.2927925035181971
27 33 0.12724076145779611
28 34 0.015641772299825305
29 35 0.1524777065337325
30 36 0.12150463756833568
25 23 0.04333258953392858
25 24 0.12615734406652174
26 23 0.2812095134333079
26 24 0.28591377399555346
27 23 0.06998312532416935
27 24 0.07088311746950486
28 23 0.0633674978852848
28 24 0.03807546614735595
29 23 0.18548693366796887
29 24 0.28935265379819936
30 23 0.13640274618816164
30 24 0.21013336224206547
31 31 2.7505387476527043
31 32 -1.2446760781147401
31 33 0.5704357479031514
31 34 -4.492269305736179
31 35 0.24931474901305528
31 36 2.0213591745028787
32 31 -2.6566893232716504
32 32 -2.1026940655896365
32 33 2.5402212604545085
32 34 3.735559999401351
32 35 4.198111674144418
32 36 -2.844595899101743
33 31 -1.6893296916991403
33 32 1.1151606582309834
33 33 -2.6777413996979753
33 34 -3.5942189859853975
33 35 3.5381532664029978
33 36 3.3890242416782357
34 31 3.2394011991635985
34 32 1.8848573475849604
34 33 -0.6179905139792861
34 34 1.7093867884585985
34 35 -2.0159622513082334
34 36 -1.9799130807101089
35 31 -1.2282330278018774
35 32 4.04787231188863
35 33 2.058727295813609
35 34 2.361330919178251
35 35 -1.1958700405862135
35 36 -2.2739605078710583
36 31 -2.150462032240784
36 32 -4.081446011496012
36 33 -0.04580388466922019
36 34 2.342471914439812
36 35 -1.715268231178188
36 36 3.046517128020077
31 37 0.2903842402891395
32 38 0.24302236339755873
33 39 0.008708534244868305
34 40 0.15274875963912787
35 41 0.2229806767542777
36 42 0.2536946164260146
31 29 0.16050294033869517
31 30 0.16490284027218974
32 29 0.01946121365622877
32 30 0.1444448891901215
33 29 0.23827044327713773
33 30 0.10453312987639186
34 29 0.04046952078822068
34 30 0.15243881101534446
35 29 0.28329866170444584
35 30 0.052667474514170864
36 29 0.04572996346921749
36 30 0.2904278647725523
37 37 -0.21047838606249553
37 38 3.793332331030623
37 39 -2.9815299397167347
37 40 3.6459863593360056
37 41 -0.17528631125634342
37 42 -2.50417556041234
38 37 3.003327248426482
38 38 0.38481165431923847
38 39 -0.9010726508981429
38 40 -0.9297708127709762
38 41 1.3423509402558782
38 42 -2.957306471984334
39 37 0.9027453630444157
39 38 -2.600356662915023
39 39 5.810581955522682
39 40 1.4739455096968077
39 41 -5.018675751393263
39 42 -0.17534575022191046
40 37 -3.5610800766512245
40 38 1.1300623343686182
40 39 -0.6046734117713272
40 40 -0.4740151468272111
40 41 4.466838205877771
40 42 -0.1615235160520271
41 37 -1.7250930307503676
41 38 2.5338783462117704
41 39 0.8685812481180988
41 40 -0.19057698718077012
41 41 -2.441860505963478
41 42 4.1700592994739365
42 37 3.902759172599249
42 38 -3.972553060685792
42 39 -1.8068350106196798
42 40 -0.2449932430093749
42 41 1.4014716029782903
42 42 0.8897768640782487
37 43 0.2571121730282818
38 44 0.1472406153153499
39 45 0.29610405762164355
40 46 0.08534481344478229
41 47 0.25435103342473103
42 48 0.088282406498928
37 35 0.2191040515642452
37 36 0.04355999319329013
38 35 0.2803471103513532
38 36 0.05066327483225319
39 35 0.10780590954781455
39 36 0.0946753767001023
40 35 0.2048394961437926
40 36 0.2670505947406569
41 35 0.13003007066633318
41 36 0.08886733659308411
42 35 0.1768134082027827
42 36 0.11247292234414653
43 43 -1.0687987399715912
43 44 1.4597397497283593
43 45 1.8593643510300828
43 46 1.676059411023838
43 47 -4.445170926114443
43 48 1.124015871182802
44 43 -0.289773821401619
44 44 -2.52748165809037
44 45 -1.109695917998636
44 46 4.229342124910831
44 47 1.6513593126822828
44 48 -2.0403442822455355
45 43 -3.3082934822352534
45 44 -1.410279587542193
45 45 2.9603988256391744
45 46 0.24148520352876698
45 47 1.221413462704306
45 48 2.9735497926547687
46 43 4.682828476358707
46 44 1.4026689550494953
46 45 0.22967777152643878
46 46 -5.739583825481887
46 47 2.393259608535668
46 48 -1.654531920116011
47 43 -2.729731982117168
47 44 3.2372026573024715
47 45 -1.2193629210060046
47 46 2.1109322248837907
47 47 -0.1465905826322082
47 48 -1.0988875314440827
48 43 4.4165787673400665
48 44 1.2280054413918593
48 45 -4.450347124495
48 46 0.9499915563050702
48 47 -3.0635757477306154
48 48 1.2243678499631954
43 49 0.2658540956835021
44 50 0.15689151815932956
45 51 0.262704696639455
46 52 0.16225821985199124
47 53 0.056408757166206164
48 54 0.04943632876132875
43 41 0.21621339014915422
43 42 0.2814526670929523
44 41 0.11705049614023472
44 42 0.21606183737030762
45 41 0.11589825541279845
45 42 0.09380699077761012
46 41 0.04979906253555637
46 42 0.17671744022973943
47 41 0.08509984600801099
47 42 0.05416444296390734
48 41 0.23974067485298153
48 42 0.23031439184706476
49 49 -3.3755861130562295
49 50 2.54044725432677
49 51 0.36708323955001054
49 52 4.939845962821413
49 53 -1.6050110544182263
49 54 -1.51410460006013
50 49 1.589400335955793
50 50 -3.0723007422743236
50 51 -1.5293232477874517
50 52 -0.051702179667817816
50 53 0.25260087226029754
50 54 5.411536145954302
51 49 4.906390701527117
51 50 -2.2611327496419804
51 51 0.3982891506661765
51 52 0.437540879343859
51 53 -1.366043261118274
51 54 -1.335325185357646
52 49 -1.3342481391618826
52 50 1.3642967359234501
52 51 -1.7444275192913274
52 52 -1.1140757056475756
52 53 3.924634474155416
52 54 0.5297562365170918
53 49 -1.3811212489680136
53 50 4.2016130066682775
53 51 0.32515225607353093
53 52 -3.530079875612633
53 53 -0.7751066376154666
53 54 0.5436950735891002
54 49 2.6228909759144168
54 50 -3.732667444881961
54 51 4.421569028869941
54 52 -0.4691618491994111
54 53 1.2230832317314317
54 54 -3.923496691090074
49 55 0.26572763513393477
50 56 0.20283362245465333
51 57 0.16937012574485405
52 58 0.12480091217163326
53 59 0.2734979326353222
54 60 0.19833414110699865
49 47 0.15100581861945075
49 48 0.28395617161910325
50 47 0.24204177553192
50 48 0.24012371206353228
51 47 0.2722269623664179
51 48 0.04842955477971802
52 47 0.17908533480243985
52 48 0.14260054479301912
53 47 0.22215840916549517
53 48 0.018836044032934793
54 47 0.006251351549521477
54 48 0.2885631778294045
55 55 -0.8497836914560322
55 56 -1.6932720593969337
55 57 2.4597533657891275
55 58 -2.4361415568889586
55 59 4.2631305297791355
55 60 0.23617159223431183
56 55 1.5143006188966481
56 56 -4.761724110691393
56 57 3.06222378892641
56 58 -0.7612270500528713
56 59 -1.220799052906821
56 60 3.935795904236398
57 55 3.5213921647357713
57 56 0.3620725035646069
57 57 -1.018359987552149
57 58 1.9796623819707546
57 59 -0.7656311171982685
57 60 -4.720849595280898
58 55 -1.7035154503831003
58 56 -0.9460219912388932
58 57 -3.2306689080627864
58 58 2.740910854243796
58 59 3.805571461763462
58 60 -0.19586959279136798
59 55 -1.018131682241278
59 56 4.70258584916054
59 57 0.7559763882651858
59 58 2.042724955192449
59 59 -5.084135839135246
59 60 -0.06520491257867676
60 55 -0.5837344308666366
60 56 3.5095226012669634
60 57 -2.200950106663941
60 58 -1.6898449060407974
60 59 1.2097340104820529
60 60 0.5429429043152568
55 61 0.12398420559781406
56 62 0.15360975198353663
57 63 0.1386473411036117
58 64 0.14218541388032338
59 65 0.06190477524869278
60 66 0.07503808240915308
55 53 0.01069323748455393
55 54 0.10308900073495039
56 53 0.2390124739414594
56 54 0.09200564594754561
57 53 0.18630399998166494
57 54 0.004197638074219978
58 53 0.13765953845378737
58 54 0.274579439564219
59 53 0.2596237936111605
59 54 0.20883978936211392
60 53 0.08124181923383175
60 54 0.01009612527527508
61 61 -2.5624681052844367
61 62 -0.19670299262010393
61 63 3.7092337683203245
61 64 -0.41187852089958416
61 65 -2.374837066395507
61 66 1.6738749016275358
62 61 0.425834349144571
62 62 1.1368575339475668
62 63 -3.620456858919718
62 64 -2.2048809180006166
62 65 -1.282204851676469
62 66 4.519026584493689
63 61 4.606862093339591
63 62 -2.248193787362838
63 63 0.5061529124023658
63 64 0.891177740454994
63 65 -0.1372860155637477
63 66 -0.4971231759891454
64 61 -3.2675233474624554
64 62 -0.3757076517002051
64 63 -2.76508884233817
64 64 3.0869845603485038
64 65 5.6925193568228645
64 66 -1.3215081746349662
65 61 0.19776293357909352
65 62 0.2157867484913992
65 63 1.6663390438536851
65 64 4.855927993830633
65 65 0.16498647400138552
65 66 -4.558211332928731
66 61 -1.0633178176085452
66 62 3.532347888853498
66 63 0.05915851859093332
66 64 -3.7345241722736167
66 65 1.772749372660418
66 66 -0.17515141339099466
61 67 0.281241974333453
62 68 0.2699000096706623
63 69 0.09452872634167883
64 70 0.025590848427368872
65 71 0.2391914446530402
66 72 0.2648798227902664
61 59 0.13021310039748332
61 60 0.14488141056840437
62 59 0.2279696410679526
62 60 0.11694862509575732
63 59 0.01962056946824353
63 60 0.2831471423622034
64 59 0.2798959631020522
64 60 0.1160212991167348
65 59 0.09946930101945525
65 60 0.2821963555300778
66 59 0.22540199286122478
66 60 0.2507370194669694
67 67 -2.5358044870793033
67 68 -1.796963248614707
67 69 -0.7593674130325754
67 70 1.1978052292316244
67 71 2.6461792818702086
67 72 2.426615215856382
68 67 2.6992578534796663
68 68 -3.617134267640764
68 69 1.3271393879889668
68 70 2.1635147164279815
68 71 -0.34202945746242364
68 72 -1.730541077229393
69 67 1.4739427670618146
69 68 2.0628102100586667
69 69 -3.638950636547068
69 70 4.198501953754013
69 71 -1.0568767177716127
69 72 -3.146251541234785
70 67 0.7236140031880852
70 68 2.9863533122384194
70 69 -2.075450077003049
70 70 -1.530568884227216
70 71 1.8333510056913864
70 72 -1.01930446149003
71 67 -4.104371240343885
71 68 2.0896561337694943
71 69 3.9601189855832972
71 70 -0.37536159506057587
71 71 1.9541446518517904
71 72 -0.5756415656508008
72 67 4.637722161332957
72 68 -0.7236904290882278
72 69 -1.3419708214068082
72 70 -3.4955076671414123
72 71 -4.049051310498784
72 72 4.612738424355117
67 73 0.18199548755015463
68 74 0.19334305719898784
69 75 0.11784006062741456
70 76 0.01745075051893541
71 77 0.18786017374709493
72 78 0.10572868695318886
67 65 0.21153974329723615
67 66 0.05626688500438541
68 65 0.03514209679556084
68 66 0.14848997281223034
69 65 0.21045993187377968
69 66 0.21207402006967657
70 65 0.06762026222246761
70 66 0.20898970493949626
71 65 0.2500184202683019
71 66 0.24729648792981426
72 65 0.11886671177978164
72 66 0.17372156778774642
73 73 3.4917311176576904
73 74 -0.3390763501360643
73 75 -0.7445527214883412
73 76 -2.5213183341011898
73 77 2.7740178757375644
73 78 -3.5108542924197645
74 73 -4.331089085243103
74 74 -0.3355284879555209
74 75 2.324569650483813
74 76 -1.8594736572837576
74 77 1.6724893851259928
74 78 2.556419720800086
75 73 1.8183984319349458
75 74 1.4289467654140098
75 75 3.3928691157961364
75 76 -0.21726479075092203
75 77 -2.9262048446547304
75 78 -0.22054403447743956
76 73 -0.10628447051871213
76 74 4.718509450177436
76 75 0.7752543566174596
76 76 1.3929151543682627
76 77 -0.919699219556639
76 78 -4.296289046351003
77 73 -0.4678965901470931
77 74 -4.758431371305674
77 75 -0.5314291793405049
77 76 1.861881731675482
77 77 1.2525478744369993
77 78 3.667170787947345
78 73 1.8907683143245109
78 74 0.8198785364315891
78 75 -5.620101812821256
78 76 2.3970349954316905
78 77 -1.1421527788694361
78 78 2.7830667943464964
73 79 0.1709518668689052
74 80 0.030629718675351247
75 81 0.10977531606870847
76 82 0.0698919911007034
77 83 0.2659436158374527
78 84 0.16103582038199168
73 71 0.03909850247123037
73 72 0.10890262548171763
74 71 0.28336445327685544
74 72 0.17291880832958373
75 71 0.19649680362425964
75 72 0.25760873603483914
76 71 0.049428503451883855
76 72 0.09463595423193294
77 71 0.18948162925151016
77 72 0.2893249732860505
78 71 0.15112263342006974
78 72 0.16886083413959
79 79 -0.6506409427101243
79 80 -1.9982277911306583
79 81 0.3780811106665861
79 82 -0.46283072230277295
79 83 5.104295382059164
79 84 0.30892898298313054
80 79 0.594986707872063
80 80 -3.161991637468008
80 81 2.3540580585878823
80 82 1.1738601318645394
80 83 1.5630120551218571
80 84 -0.37386010448791374
81 79 -2.841054869159693
81 80 3.227033440697354
81 81 1.0533509768643183
81 82 2.9839157098717344
81 83 -2.3133308246304143
81 84 -3.901808269624784
82 79 3.1767387891376377
82 80 2.961996882469606
82 81 -1.6320586387474443
82 82 -2.5274142830729347
82 83 -0.425565759162698
82 84 -1.513095031076409
83 79 1.7700767379257292
83 80 -0.27849243636090076
83 81 -2.7322760928624765
83 82 2.567691466377911
83 83 -0.3969507343418483
83 84 1.3013213273403252
84 79 -1.0990239566994233
84 80 0.1475884352166656
84 81 3.1208285253666657
84 82 -3.928237975283621
84 83 -4.323920249480771
84 84 6.613986169656633
79 85 0.22192880264118764
80 86 0.2542440116743334
81 87 0.0762722048613644
82 88 0.20095446857122476
83 89 0.09541145213405848
84 90 0.14984380850675763
79 77 0.17102865196350658
79 78 0.22197050647839403
80 77 0.02292629298948998
80 78 0.15601663862966106
81 77 0.07493655689363245
81 78 0.08182672577416006
82 77 0.276802000537882
82 78 0.25051245644863823
83 77 0.029080040753737976
83 78 0.17002029425839418
84 77 0.21588211567552876
84 78 0.09805408663850872
85 85 -1.285849534854955
85 86 2.3838693969970772
85 87 -0.03273338130651058
85 88 -5.819388545542599
85 89 1.0473702241208178
85 90 3.996228324714932
86 85 -2.9669121448362676
86 86 0.4096192259214243
86 87 -3.1211990224901642
86 88 4.549649448655031
86 89 2.5729090774147876
86 90 -1.0908611096463168
87 85 1.6929568328472608
87 86 -4.2478440963526864
87 87 -1.9163997221104552
87 88 3.489739143683911
87 89 0.41033677171628014
87 90 2.6317299981659183
88 85 1.2381179250265661
88 86 1.14072498264008
88 87 3.2987674601067254
88 88 -1.2146963205210455
88 89 -3.0468569211489958
88 90 0.007103476656563418
89 85 -0.8452355308940849
89 86 -3.429379337872859
89 87 3.5262059440425157
89 88 -0.8960737241082161
89 89 1.90041616935948
89 90 1.2481457163137721
90 85 2.7376616376470757
90 86 3.600948274419862
90 87 -2.134870439202549
90 88 -0.7507717414698277
90 89 -0.025530981528545594
90 90 -2.813100998577956
85 91 0.13598319637677453
86 92 0.14130472602319274
87 93 0.24898416652952682
88 94 0.0838763984573074
89 95 0.1179142030781322
90 96 0.029510694043345408
85 83 0.24194669879396066
85 84 0.22310641166694178
86 83 0.11869346551841721
86 84 0.011840183479967247
87 83 0.25639508299021846
87 84 0.00922068179468749
88 83 0.15776097147700505
88 84 0.17938841120579382
89 83 0.001969508926075725
89 84 0.1950902417655486
90 83 0.012094621444411624
90 84 0.05338291474433934
91 91 -3.9632621897102953
91 92 -1.2842278346596512
91 93 1.9278763212408063
91 94 1.4400788519579404
91 95 2.4142857885329616
91 96 -0.3204176167427292
92 91 3.8495173986827753
92 92 -4.8005967377799665
92 93 -0.7859077652452592
92 94 0.38989499358019997
92 95 0.8135768977853125
92 96 1.6587614999912113
93 91 0.08921177005149467
93 92 4.061827559738768
93 93 -0.12463420827957059
93 94 2.430207086555884
93 95 -1.9331483029485594
93 96 -5.108898657751572
94 91 -1.1259515902330641
94 92 0.9958626958707689
94 93 4.017190420327887
94 94 -2.0449287894841377
94 95 -4.544587936281925
94 96 1.2091491883693248
95 91 2.7736903172200678
95 92 0.9670269303984349
95 93 -1.5413092686930474
95 94 -2.5046009891107754
95 95 2.828949167591052
95 96 1.189928742626481
96 91 -0.6657038936083653
96 92 0.5210607784623403
96 93 -3.981692497796927
96 94 2.947002591125445
96 95 3.998021050559602
96 96 1.4764960006203633
91 97 0.15327763228618416
92 98 0.2904962101234388
93 99 0.2693595110410045
94 100 0.2714266504040378
95 101 0.0420635946294851
96 102 0.21064884076930274
91 89 0.12029301914336012
91 90 0.00953254179287213
92 89 0.14440668728334463
92 90 0.02474605795478275
93 89 0.06640068647748233
93 90 0.041596123566772066
94 89 0.19358923255906946
94 90 0.19747212264562003
95 89 0.01983730914735844
95 90 0.27849451386865703
96 89 0.26431294870499494
96 90 0.13745420437165054
97 97 0.02032304172127463
97 98 3.646278742664112
97 99 3.6002569465553456
97 100 -3.3954412875015643
97 101 1.8863286703048556
97 102 -2.8793401405573222
98 97 3.162658705932952
98 98 0.0010112615695837663
98 99 -4.4152074233358
98 100 2.1992181386552696
98 101 2.3002939697827167
98 102 -4.029623225390854
99 97 -0.9490660549517782
99 98 1.3071689054841689
99 99 -3.9268655145570706
99 100 1.5437117037003796
99 101 -1.8993268115684983
99 102 2.570563407671686
100 97 -2.2256164000797463
100 98 1.6515487257111758
100 99 1.2874934411498453
100 100 -3.7587818458081363
100 101 2.673238787687607
100 102 2.7739805755552687
101 97 -0.42234177395897177
101 98 -3.6851670603329687
101 99 2.491823420748567
101 100 4.289839173344317
101 101 -1.7090464572135025
101 102 1.2265624311679169
102 97 3.277664343516043
102 98 -0.9634335119744437
102 99 -0.1375377252717153
102 100 -0.8830117283682183
102 101 -2.811223294011231
102 102 0.7727606442425163
97 103 0.27560954220603795
98 104 0.17810958906447763
99 105 0.18228643072768372
100 106 0.2325507616047852
101 107 0.19864551860231874
102 108 0.18398017707947914
97 95 0.0022774096188991956
97 96 0.20138972985185213
98 95 0.1926913133541979
98 96 0.09497792384174782
99 95 0.23737363094487973
99 96 0.12659637618550343
100 95 0.11483271107918396
100 96 0.13231731583866926
101 95 0.21219019177678158
101 96 0.06690781775057039
102 95 0.2228457393911697
102 96 0.2926487763917
103 103 2.7403230678937507
103 104 2.814298443110018
103 105 0.28539390626373506
103 106 -2.7588995837252055
103 107 -2.693313804620196
103 108 2.89394920709804
104 103 4.197053900604847
104 104 2.116366224910355
104 105 -2.711268459602993
104 106 0.2817683206728827
104 107 -0.1890040645947779
104 108 -1.047016981915972
105 103 0.6670787742225299
105 104 -5.008520528238799
105 105 3.8528888811401276
105 106 1.1055798348957995
105 107 -0.34447536698052117
105 108 -1.9443442817549323
106 103 1.4765024291912237
106 104 -3.2021819638279645
106 105 -1.0173031276261584
106 106 -1.1798858729532695
106 107 1.1903288195273576
106 108 4.888058717924533
107 103 -4.046975629380938
107 104 2.866446136230344
107 105 1.353650320592825
107 106 3.8099850888593023
107 107 -1.820734676190757
107 108 -3.2343455981568994
108 103 -3.237434543107765
108 104 0.7237714395505925
108 105 -0.10511880609847442
108 106 -0.45371492867706575
108 107 4.130330949356861
108 108 -0.35219401309368936
103 109 0.012173168951150014
104 110 0.16195961920475974
105 111 0.06836630778356594
106 112 0.2759871825746916
107 113 0.22423748123528467
108 114 0.041275350132947315
103 101 0.020813240381265283
103 102 0.09456852671692004
104 101 0.04524788860238307
104 102 0.2604393525704323
105 101 0.1774466438991754
105 102 0.09853191853853531
106 101 0.2955405283500893
106 102 0.09094963644874961
107 101 0.06069205079783206
107 102 0.11897789194812862
108 101 0.0013798984615679187
108 102 0.11037257189210245
109 109 -0.017259665268386983
109 110 0.40579599840602254
109 111 0.761181006217626
109 112 2.7504724009715136
109 113 -3.4482503653225067
109 114 0.594039719410077
110 109 4.11623720093674
110 110 1.043397073508847
110 111 -3.1397868425772946
110 112 1.811685901446059
110 113 -2.3372418574305844
110 114 -0.43130653558145027
111 109 -3.9094468914219282
111 110 0.043049511801287486
111 111 2.0824842281522953
111 112 -2.076445078260302
111 113 -0.1231337871454978
111 114 4.3744317568323785
112 109 0.486464786292631
112 110 -4.773367290594228
112 111 -0.14604552961108608
112 112 0.20651761414663927
112 113 6.980982460771763
112 114 0.34798865034034665
113 109 -2.7956097656315815
113 110 3.291628298281581
113 111 -1.1888881081243303
113 112 0.0746428443271591
113 113 3.9146712730829725
113 114 -2.3321521229651907
114 109 0.06393632206722806
114 110 -0.6759943535346435
114 111 4.294335128516096
114 112 -2.3079816703632874
114 113 0.016212154975658383
114 114 -0.8590621175921361
109 115 0.049503015473747976
110 116 0.16821096443825684
111 117 0.2657142462996979
112 118 0.06224824398693478
113 119 0.19132287831595576
114 120 0.21583928390038154
109 107 0.16057376446000968
109 108 0.025473371391509292
110 107 0.23310355569767827
110 108 0.22386936021252798
111 107 0.06555720437262332
111 108 0.11301308265406715
112 107 0.25269103089325984
112 108 0.16011117450695303
113 107 0.23440878791977157
113 108 0.06426347873742917
114 107 0.17860605480840788
114 108 0.18863876783582392
115 115 -1.7075761829205127
115 116 0.707190627493407
115 117 2.961445885495481
115 118 0.17844375524854297
115 119 -2.9267596537738245
115 120 2.1320888306537253
116 115 3.3581894614295704
116 116 1.4049885004888705
116 117 1.6417020974866463
116 118 -5.790406179230367
116 119 -0.19867474042650568
116 120 1.9302591456809863
117 115 -2.51555516076691
117 116 -5.019682877149497
117 117 0.9304953622166622
117 118 1.6307377382325317
117 119 5.902791789326686
117 120 1.0078860158299534
118 115 0.6031241796077431
118 116 -0.07556248894191735
118 117 -5.8522054033463
118 118 3.9155490463178233
118 119 0.3321066178751936
118 120 1.07926176736912
119 115 -1.8095027664537864
119 116 2.9713172803337975
119 117 0.6583846503834048
119 118 1.2518515702556112
119 119 -0.22977896456348787
119 120 -3.3736962381096447
120 115 2.1840931359862443
120 116 -0.21597702701107335
120 117 -0.5729749412052021
120 118 1.8281327494082469
120 119 -0.7178575985457554
120 120 -1.7190536806454124
115 121 0.22646042532351743
116 122 0.04044212255239538
117 123 0.09165185361835257
118 124 0.16206917171735385
119 125 0.14252944758581723
120 126 0.169271881248715
115 113 0.026538289071880227
115 114 0.2121972374173277
116 113 0.17108239013688575
116 114 0.24289331160352534
117 113 0.1537916314240549
117 114 0.010470419874868386
118 113 0.021068212246406114
118 114 0.2700391050588105
119 113 0.2760495593165123
119 114 0.2743433067121441
120 113 0.06630573249532112
120 114 0.28462179393086307
121 121 -0.9973491400106784
121 122 1.1694079921728449
121 123 -2.250475700834273
121 124 1.2894227513303587
121 125 3.648683195436121
121 126 -0.745128414029843
122 121 3.5775957962626546
122 122 -0.45648375308073186
122 123 -2.3734338705260343
122 124 1.594104549854749
122 125 -1.4371929586097687
122 126 -0.8673921588617562
123 121 4.119971362709657
123 122 -0.7138867631681309
123 123 2.310153489318377
123 124 -4.858809294432871
123 125 1.2428301654143001
123 126 -1.2695309554519527
124 121 -4.253599672978936
124 122 3.858261017986794
124 123 0.6627402225466676
124 124 4.005573332037253
124 125 -2.284443908421029
124 126 -2.751780902613262
125 121 -1.5528943076461093
125 122 1.6569323953206898
125 123 2.7000612016108527
125 124 -3.4440555021206616
125 125 -0.6197948370687764
125 126 3.3325191604779247
126 121 -0.5473848977647034
126 122 -4.52095293924645
126 123 -0.7075304655901126
126 124 3.560531861800418
126 125 1.6299390230497512
126 126 2.651716745982651
121 119 0.02859158060276059
121 120 0.08679024997299746
122 119 0.05439882665621134
122 120 0.18515554739147083
123 119 0.08494544279257514
123 120 0.1653581169391908
124 119 0.01982683299207877
124 120 0.2509050485612345
125 119 0.12870559517085864
125 120 0.22473276534983874
126 119 0.22261673185506117
126 120 0.15476599210156433
